Time: 2017-08-07 22:04:57
odo:    0    0   -6    0    0    8  25.53 
odo:    0    0   -6    0    0    8  25.26 
Time: 2017-08-07 22:04:58
odo:    0    0   -6    0    0    8  25.53 
odo:    0    0   -6    0    0    8  25.26 
odo:    0    0   -6    0    0    8  25.53 
odo:    0    0   -6    0    0    8  25.26 
odo:    0    0   -6    0    0    8  25.53 
odo:    0    0   -6    0    0    8  25.26 
odo:    0    0   -6    0    0    8  25.53 
odo:    0    0   -6    0    0    8  25.53 
odo:    0    0   -6    0    0    8  25.53 
odo:    0    0   -6    0    0    8  25.26 
Time: 2017-08-07 22:04:59
odo:    0    0   -6    0    0    8  25.26 
odo:    0    0   -6    0    0    8  25.26 
odo:    0    0   -6    0    0    8  25.53 
odo:    0    0   -6    0    0    8  25.53 
odo:    0    0   -6    0    0    8  25.53 
odo:    0    0   -6    0    0    8  25.26 
odo:    0    0   -6    0    0    8  25.53 
odo:    0    0   -6    0    0    8  25.26 
odo:    0    0   -6    0    0    8  25.26 
odo:    0    0   -6    0    0    8  25.53 
Time: 2017-08-07 22:05:00
odo:    0    0   -6    0    0    8  25.53 
odo:    0    0   -6    0    0    8  25.26 
odo:    0    0   -6    0    0    8  25.26 
odo:    0    0   -6    0    0    8  25.53 
odo:    0    0   -6    0    0    8  25.26 
odo:    0    0   -6    0    0    8  25.26 
odo:    0    0   -6    0    0    8  25.53 
odo:    0    0   -6    0    0    8  25.26 
odo:   -1    0    0   -1    0    8  25.00 
odo:    0    0    0    0    4    8  25.00 
Time: 2017-08-07 22:05:01
odo:    0    0    0    0    0    8  25.26 
odo:   22    0    6   22    0   14  25.26 
odo:   76    2   23   76    3   31  24.22 
odo:   95   16   31   95   17   39  22.04 
odo:  103   36   35  103   43   41  20.90 
odo:  103   65   33  103   71   39  17.85 
odo:  104   85   31  104   91   36  15.10 
odo:  140   99   39  140  102   45  14.57 
odo:  168  112   47  168  121   51  14.67 
odo:  168  133   46  168  142   49  21.05 
Time: 2017-08-07 22:05:02
odo:  168  151   45  168  162   46  30.14 
odo:  168  167   42  168  170   44  56.20 
odo:  168  176   39  168  180   41  66.22 
odo:  168  176   39  168  183   39  73.49 
odo:  168  179   37  168  182   38  77.62 
odo:  168  184   34  168  182   37  82.07 
odo:  127  179   23  168  187   34  92.18 
odo:  114  164   18  168  181   34  96.98 
odo:  103  152   14  168  174   35  93.45 
odo:  103  134   15  168  172   35  77.20 
Time: 2017-08-07 22:05:03
odo:  103  120   16  168  165   37  68.79 
odo:  100  108   17  168  166   37  55.70 
odo:  100  102   18  168  167   37  44.77 
odo:  104   98   20  168  166   37  36.65 
odo:  126   99   26  168  162   38   6.92 
odo:  126  105   27  168  166   38 347.70 
odo:  126  106   29  168  169   37 321.57 
odo:  126  114   28  168  171   36 306.18 
odo:  126  117   29  168  172   36 299.92 
odo:  168  121   40  143  173   28 288.01 
Time: 2017-08-07 22:05:04
odo:  168  134   41  128  164   23 281.93 
odo:  168  151   39  136  159   24 275.38 
odo:  168  163   37   94  147   13 277.47 
odo:  168  169   36   94  134   12 279.40 
odo:  168  168   36  100  118   15 285.58 
odo:  168  168   36  147  110   29 294.65 
odo:  168  165   37  162  115   35 301.69 
odo:  113  166   21  149  124   33 316.71 
odo:  108  148   20  149  132   33 323.57 
odo:  108  137   20  149  139   32 326.61 
Time: 2017-08-07 22:05:05
odo:  108  126   20  149  140   33 315.22 
odo:  108  117   21  149  144   33 304.38 
odo:  112  111   23  149  146   33 276.27 
odo:  112  111   23  149  145   33 265.36 
odo:  112  107   24  149  140   35 256.86 
odo:  112  105   25  149  143   35 257.18 
odo:  112  107   25  149  146   35 258.92 
odo:  112  109   25  149  149   34 262.43 
odo:  112  111   25  149  148   34 261.11 
odo:  112  113   25  149  147   35 258.71 
Time: 2017-08-07 22:05:06
odo:  112  112   25  149  150   34 252.51 
odo:  121  113   27  149  154   33 248.53 
odo:  143  114   34  149  152   33 245.43 
odo:  149  122   36   54  147    7 244.81 
odo:  151  131   36  -51  116  -22 243.39 
odo:  151  137   37  -51   58  -20 246.32 
odo:  151  138   38  -47   12  -16 252.14 
odo:  151  140   38  -17   -7   -8 269.09 
odo:  151  146   38   23   -7    1 290.46 
odo:  151  153   36   23    2    1 302.72 
Time: 2017-08-07 22:05:07
odo:  151  153   36   23    0    4 324.55 
odo:  134  153   31  149    4   41 346.95 
odo:   62  147   10  143   33   44 358.63 
odo:   -1  122   -8  128   72   39   9.33 
odo:  103   83   21  128  100   36  10.09 
odo:  103   71   26  128  111   36 359.90 
odo:  101   76   27  126  121   34 353.10 
odo:  101   88   26  126  127   33 350.56 
odo:  101   94   25  126  135   31 346.39 
odo:  101   97   25  126  136   30 344.47 
Time: 2017-08-07 22:05:08
odo:  106  101   26  132  136   30 341.71 
odo:  149  104   38  125  137   28 339.18 
odo:  149  116   39  125  133   28 338.40 
odo:  149  132   37  125  130   28 339.60 
odo:  149  141   36  125  132   27 343.20 
odo:  149  148   35  125  132   26 345.23 
odo:  149  151   34  125  131   26 349.98 
odo:  149  154   33  125  130   25 351.85 
odo:  149  156   32  125  128   26 355.22 
odo:  149  153   32  125  127   26 358.09 
Time: 2017-08-07 22:05:09
odo:  142  152   30  158  127   35 359.46 
odo:  135  149   28  160  134   36   1.67 
odo:  132  147   27  160  143   36   2.42 
odo:  132  143   26  160  150   36   1.43 
odo:  132  141   26  160  155   35 359.13 
odo:  132  137   26  160  160   34 357.55 
odo:  132  137   26  160  162   34 353.91 
odo:  132  136   25  160  162   34 350.62 
odo:  132  134   26  160  161   34 349.36 
odo:  133  135   25  161  161   34 346.71 
Time: 2017-08-07 22:05:10
odo:  139  131   28  168  162   36 346.19 
odo:  146  133   30  168  163   36 346.34 
odo:  152  135   33  168  165   36 348.04 
odo:  168  141   37  124  168   22 349.57 
odo:  168  149   37  122  155   22 353.47 
odo:  168  156   37  122  147   21 357.22 
odo:  168  162   36  122  136   22   4.81 
odo:  168  165   36  122  129   22  10.74 
odo:  168  165   37  122  126   22  13.10 
odo:  168  166   37  122  123   23  18.27 
Time: 2017-08-07 22:05:11
odo:  138  166   28  168  122   36  22.19 
odo:  126  159   24  168  132   38  25.84 
odo:  126  153   23  168  141   38  32.05 
odo:  126  143   23  168  150   38  35.94 
odo:  126  131   25  168  156   38  47.14 
odo:  126  129   25  168  162   38  60.63 
odo:  154  127   33  168  164   38  64.53 
odo:  168  135   38  160  163   36  65.65 
odo:  168  141   39  160  161   37  60.54 
odo:  168  150   39  160  163   36  39.24 
Time: 2017-08-07 22:05:12
odo:  168  160   38  160  167   34  16.38 
odo:  168  166   37  160  160   36   9.74 
odo:  168  169   36  160  159   36   5.20 
odo:  168  169   36  160  161   36   7.35 
odo:  168  166   37  160  164   35   7.44 
odo:  168  169   36  160  166   34   8.96 
odo:  168  167   37  160  165   33   9.24 
odo:  168  168   36  160  164   33   6.71 
odo:  168  167   37  160  164   33   5.04 
odo:  168  170   36  160  162   33   5.08 
Time: 2017-08-07 22:05:13
odo:  168  173   35  160  157   34   9.46 
odo:  168  174   34  160  156   35  13.69 
odo:  168  171   34  160  160   34  25.97 
odo:  168  169   35  160  163   33  37.65 
odo:  168  168   35  160  164   33  41.11 
odo:  168  169   35  160  162   33  40.26 
odo:  168  170   34  160  161   33  30.19 
odo:  168  165   36  160  164   32  13.34 
odo:  168  167   35  160  163   32 334.14 
odo:  168  168   35  160  161   32 310.26 
Time: 2017-08-07 22:05:14
odo:  168  168   35  160  159   33 270.56 
odo:  168  168   35  160  159   33 249.12 
odo:  168  167   35  160  161   32 238.69 
odo:  168  169   35  160  160   33 224.04 
odo:  168  172   34  160  158   33 219.70 
odo:  168  171   34  160  161   32 214.90 
odo:  142  170   26  168  161   35 222.45 
odo:  139  163   25  168  162   35 231.29 
odo:  139  154   25  168  166   34 258.91 
odo:  139  144   27  168  166   35 270.70 
Time: 2017-08-07 22:05:15
odo:  139  143   26  168  167   34 280.41 
odo:  139  139   27  168  167   35 281.91 
odo:  139  142   26  168  165   35 279.54 
odo:  158  139   32  168  164   36 262.38 
odo:  168  145   35  166  166   35 241.42 
odo:  168  149   36  166  168   34 235.40 
odo:  168  155   36  166  167   35 234.21 
odo:  168  162   35  151  167   30 236.98 
odo:  168  165   35  151  164   30 243.85 
odo:  168  167   35  151  161   29 248.50 
Time: 2017-08-07 22:05:16
odo:  168  167   35  151  157   29 250.00 
odo:  168  167   35  151  151   31 252.08 
odo:  168  167   35  151  150   31 252.52 
odo:  168  165   36  151  153   30 252.49 
odo:  168  165   36  151  151   30 251.54 
odo:  168  168   36  151  149   31 251.38 
odo:  168  173   34  151  149   31 252.86 
odo:  168  170   35  151  149   31 256.97 
odo:  155  169   31  168  146   37 260.15 
odo:  147  166   28  168  151   38 267.81 
Time: 2017-08-07 22:05:17
odo:  147  158   29  168  155   38 272.00 
odo:  147  155   29  168  163   37 280.56 
odo:  147  152   29  168  168   36 288.41 
odo:  147  151   28  168  172   35 291.57 
odo:  147  148   29  168  170   35 296.74 
odo:  147  150   28  168  170   35 298.85 
odo:  147  145   30  168  169   35 300.25 
odo:  147  149   28  168  171   35 306.31 
odo:  147  146   29  168  169   35 311.21 
odo:  147  148   29  168  171   34 318.99 
Time: 2017-08-07 22:05:18
odo:  147  146   29  168  170   34 323.57 
odo:  147  145   30  168  171   34 324.68 
odo:  147  144   30  168  170   34 325.27 
odo:  147  143   31  168  169   34 324.78 
odo:  147  144   31  168  167   34 321.23 
odo:  151  149   31  168  169   34 314.16 
odo:  151  148   31  168  170   34 309.26 
odo:  151  152   30  168  169   34 295.41 
odo:  168  149   36  -19  170  -20 287.13 
odo:  168  157   35  -19  110  -19 266.26 
Time: 2017-08-07 22:05:19
odo:  168  154   37  -19   61  -17 269.72 
odo:  168  153   39  -19   16  -12 279.29 
odo:  168  156   39  -19    0  -11 320.02 
odo:  160  163   36  168    0   40  14.05 
odo:  160  164   36  168   35   45  26.81 
odo:  160  162   36  168   79   45  37.93 
odo:  160  158   37  168  117   42  39.96 
odo:  160  159   37  168  143   40  39.31 
odo:  168  163   38  119  156   24  35.05 
odo:  168  165   38  -54  151  -27  33.23 
Time: 2017-08-07 22:05:20
odo:  168  169   37  -54   34  -10  34.29 
odo:  168  172   36  -54   44  -23  44.54 
odo:  168  170   36  -54   21  -25  54.31 
odo:  166  166   37  168   -6   39  73.63 
odo:  166  164   37  168   28   44  78.17 
odo:   92  162   17  168   75   44  91.48 
odo:   92  143   16  168  112   42  99.12 
odo:   92  127   16  168  137   40 100.77 
odo:  135  113   29  168  150   39 101.38 
odo:  134  117   29  167  155   39 100.81 
Time: 2017-08-07 22:05:21
odo:  132  119   30  164  164   37 100.96 
odo:  132  125   29  164  168   36 102.05 
odo:  130  126   29  162  170   34 102.89 
odo:  135  128   30  168  169   36 104.25 
odo:  135  129   30  168  169   36 105.05 
odo:  135  130   31  168  170   35 105.21 
odo:  135  130   31  168  169   35 105.07 
odo:  146  131   35  168  167   36 105.24 
odo:  151  141   34  168  165   36 104.14 
odo:  151  145   34  168  166   36 102.82 
Time: 2017-08-07 22:05:22
odo:  155  145   36  168  168   36 101.07 
odo:  168  153   38   13  174  -10  95.22 
odo:  168  161   37  163  104   39  94.15 
odo:  168  163   38  163  138   33  85.29 
odo:  168  171   36  163  145   34  79.96 
odo:  168  171   35  163  150   34  77.57 
odo:  168  169   36  163  155   34  73.28 
odo:  168  171   35  163  159   34  68.52 
odo:  168  171   35  163  164   33  66.93 
Time: 2017-08-07 22:05:23
odo:  168  172   34  163  165   32  68.92 
odo:  168  174   33  163  165   32  72.22 
odo:  168  168   35  163  164   32  80.86 
odo:  168  169   34  163  162   33  95.54 
odo:  168  170   34  163  163   32 104.31 
odo:  168  165   35  163  161   33 121.65 
odo:  168  164   36  163  160   33 127.46 
odo:  168  166   35  163  159   34 134.19 
odo:  168  166   36  163  158   35 135.45 
odo:  168  164   36  163  163   34 134.18 
Time: 2017-08-07 22:05:24
odo:  168  165   36  163  163   34 129.83 
odo:  168  165   37  163  163   34 124.66 
odo:  168  173   35  163  165   33 122.54 
odo:  168  171   35  163  167   32 119.26 
odo:  168  170   35  163  165   33 118.04 
odo:  168  169   35  163  166   32 118.01 
odo:  168  170   35  163  166   32 121.46 
odo:  168  168   35  163  166   32 123.13 
odo:  168  166   36  163  165   32 126.12 
odo:  168  167   35  163  165   31 127.14 
odo:  168  167   36  163  163   32 128.98 
Time: 2017-08-07 22:05:25
odo:  168  169   35  163  162   32 129.85 
odo:  168  165   36  163  160   33 130.15 
odo:  168  165   36  163  159   33 129.24 
odo:  168  169   35  163  156   35 129.24 
odo:  168  167   36  163  160   34 128.99 
odo:  168  167   36  163  162   34 129.09 
odo:  168  165   37  163  164   33 129.13 
odo:  168  165   37  163  165   33 129.23 
odo:  168  169   36  163  164   33 128.85 
Time: 2017-08-07 22:05:26
odo:  168  168   36  163  164   33 128.31 
odo:  168  168   36  163  166   32 126.31 
odo:  168  170   36  163  163   33 124.37 
odo:  168  170   36  163  165   32 120.82 
odo:  168  172   35  163  166   32 116.99 
odo:  168  171   35  163  164   32 115.36 
odo:  168  169   35  163  161   33 112.51 
odo:  168  169   35  163  159   34 108.93 
odo:  168  170   35  163  158   34 106.77 
odo:  168  166   36  163  160   34 101.05 
Time: 2017-08-07 22:05:27
odo:  168  168   35  163  158   35  97.95 
odo:  168  169   35  163  159   35  93.41 
odo:  168  166   36  163  159   36  90.64 
odo:  168  165   36  163  161   35  90.12 
odo:  168  165   36  163  166   34  89.76 
odo:  168  166   36  167  163   36  90.67 
odo:   55  171    2  168  167   35  95.09 
odo:   -6  133  -13  168  170   35 101.74 
odo:   29   84   -2  168  169   35 103.44 
odo:  130   52   30  168  162   37 100.85 
Time: 2017-08-07 22:05:28
odo:  130   65   33  168  162   37  94.98 
odo:  130   85   33  168  164   37  92.45 
odo:  130  101   33  168  165   37  88.04 
odo:  130  109   33  168  168   37  86.11 
odo:  130  117   33  168  166   37  82.94 
odo:  130  123   32  168  166   37  81.27 
odo:  130  128   32  168  168   37  80.60 
odo:  130  133   30  168  171   36  79.34 
odo:  130  137   29  168  169   36  78.56 
odo:  168  138   39  130  170   25  76.36 
odo:  168  148   39   75  156   10  75.53 
Time: 2017-08-07 22:05:29
odo:  168  157   38  147  136   29  76.80 
odo:  168  158   39  147  127   32  79.30 
odo:  168  161   39  147  127   34  82.31 
odo:  168  166   38  147  132   34  83.89 
odo:  168  172   37  156  139   36  86.50 
odo:  143  173   29  168  150   38  88.18 
odo:  118  161   22  168  156   38  91.44 
odo:  118  154   20  168  164   37  93.10 
odo:  118  137   22  168  168   36  92.61 
Time: 2017-08-07 22:05:30
odo:  122  128   24  168  169   36  90.36 
odo:  124  124   25  168  168   36  88.43 
odo:  124  127   24  168  166   37  84.60 
odo:  124  121   26  168  167   37  80.67 
odo:  124  126   24  168  170   36  78.40 
odo:  124  123   25  168  170   36  74.16 
odo:  148  127   31  168  170   35  69.31 
odo:  168  127   39  126  167   24  66.96 
odo:  168  140   39  119  155   22  64.12 
odo:  168  151   38  119  148   20  63.47 
Time: 2017-08-07 22:05:31
odo:  168  159   37  119  135   22  63.00 
odo:  168  163   37  119  131   21  63.46 
odo:  168  166   37  119  123   22  64.50 
odo:  168  169   36  119  122   22  66.63 
odo:   90  171   13  168  118   37  68.45 
odo:   31  147   -4  168  134   37  71.02 
odo:   22  112   -7  168  143   38  68.96 
odo:   21   71   -3  168  150   38  65.70 
odo:  139   44   33  168  155   38  55.11 
odo:  139   59   36  168  159   38  40.62 
Time: 2017-08-07 22:05:32
odo:  139   88   35  168  164   38  36.12 
odo:  150  112   36  168  167   37  30.44 
odo:  154  132   35  168  168   37  28.70 
odo:  154  143   34  168  169   37  27.76 
odo:  154  147   34  168  172   36  27.98 
odo:  154  151   34  168  174   35  27.43 
odo:  154  155   33  168  172   35  27.29 
odo:  154  158   32  168  172   35  27.35 
odo:  154  157   32  168  170   35  27.39 
odo:  154  160   31  168  170   35  26.53 
Time: 2017-08-07 22:05:33
odo:  154  159   31  168  169   35  26.12 
odo:  154  159   30  168  167   35  26.80 
odo:  154  157   30  168  167   35  28.72 
odo:  154  151   32  168  169   35  28.72 
odo:  154  153   31  168  170   34  28.99 
odo:  154  151   32  168  167   35  29.40 
odo:  154  155   31  168  169   35  29.13 
odo:  154  152   32  168  169   34  27.52 
odo:  154  155   31  168  170   34  26.87 
odo:  154  155   31  168  168   35  25.41 
Time: 2017-08-07 22:05:34
odo:  154  156   31  168  167   35  24.14 
odo:  154  156   31  168  168   35  19.97 
odo:  154  154   31  168  169   34  16.74 
odo:  154  152   32  168  167   35  15.84 
odo:  154  155   31  168  166   35  15.15 
odo:  154  156   31  168  167   35  14.74 
odo:  159  154   32  168  167   35  13.69 
odo:  168  152   36  120  169   21   9.36 
odo:  168  157   36  139  154   26   7.12 
odo:  168  163   35  139  149   26  17.57 
Time: 2017-08-07 22:05:35
odo:  168  165   35  139  145   26  99.48 
odo:  168  166   35  139  142   27 129.26 
odo:  168  168   35  142  143   27 149.14 
odo:  168  168   35  144  137   29 155.12 
odo:  168  167   35  144  141   29 166.79 
odo:  168  168   35  144  143   28 180.11 
odo:  168  168   35  144  146   27 186.92 
odo:  168  170   34  144  142   29 202.40 
odo:  168  171   34  144  142   29 220.12 
odo:  168  168   35  144  141   29 228.40 
Time: 2017-08-07 22:05:36
odo:  168  164   36  144  142   29 248.88 
odo:  152  163   32  168  142   36 258.91 
odo:  152  161   31  168  145   38 274.62 
odo:  146  158   30  168  153   38 284.25 
odo:  139  150   29  168  159   37 286.10 
odo:  123  147   24  168  163   37 288.37 
odo:  123  139   24  168  168   36 289.92 
odo:  122  137   23  168  167   36 290.87 
odo:  122  132   23  168  166   37 290.19 
odo:  122  127   23  168  168   36 290.36 
Time: 2017-08-07 22:05:37
odo:  122  126   23  168  166   37 285.93 
odo:  122  125   23  168  166   37 281.61 
odo:  122  124   23  168  168   37 279.29 
odo:  122  123   23  168  170   36 273.96 
odo:  166  121   36  168  169   36 271.28 
odo:  166  133   37  168  168   36 268.60 
odo:  168  139   39  131  161   28 266.70 
odo:  168  153   38  131  153   27 265.68 
odo:  168  157   38  131  150   26 267.98 
odo:  168  165   37  111  146   20 269.33 
Time: 2017-08-07 22:05:38
odo:  168  167   36  143  138   28 273.26 
odo:  168  163   38  143  139   28 278.36 
odo:  168  165   38  143  134   30 279.85 
odo:  168  167   37  143  137   30 281.91 
odo:  168  165   38  143  140   30 285.48 
odo:  168  167   38  143  141   30 287.17 
odo:  168  167   38  143  145   29 291.13 
odo:  168  172   36  143  142   29 291.05 
odo:  168  170   37  146  145   29 288.66 
odo:  168  167   37  148  147   29 291.99 
Time: 2017-08-07 22:05:39
odo:  168  165   38  148  150   29 301.52 
odo:  168  167   38  148  147   29 329.88 
odo:  168  169   37  148  147   30 340.86 
odo:  168  170   37  148  143   31 357.39 
odo:  168  172   36  148  145   31   4.17 
odo:  168  174   35  148  147   30   4.19 
odo:  168  174   35  148  147   30   7.05 
odo:  168  171   35  148  146   31  16.56 
odo:  168  169   35  148  148   30  22.19 
odo:  168  168   35  148  150   30  39.19 
Time: 2017-08-07 22:05:40
odo:  168  170   35  148  147   31  52.79 
odo:  168  168   35  151  147   32  87.17 
odo:  168  169   35  151  149   31 114.09 
odo:  168  169   35  151  154   30 122.97 
odo:  168  166   36  151  154   30 134.41 
odo:  168  165   36  151  154   29 138.00 
odo:  168  161   37  151  150   30 145.04 
odo:  168  163   37  151  147   31 155.30 
odo:  168  167   37  151  148   31 160.51 
odo:  168  164   38  151  148   32 165.56 
Time: 2017-08-07 22:05:41
odo:  168  165   38  143  148   30 163.12 
odo:  168  167   38  107  147   19 161.56 
odo:  168  169   37   70  133    9 161.75 
odo:  168  169   37   70  120    7 164.19 
odo:  168  166   38  127   98   25 173.54 
odo:  168  161   39  142  103   30 187.41 
odo:  168  164   39  142  107   33 193.54 
odo:  168  166   39  142  116   33 202.21 
odo:  168  167   39  142  127   33 207.07 
odo:  168  170   38  142  133   32 219.91 
Time: 2017-08-07 22:05:42
odo:  168  171   38  142  141   31 235.85 
odo:  168  173   37  142  142   31 241.79 
odo:  168  173   36  142  143   30 237.06 
odo:  168  170   37  142  145   30 199.29 
odo:  168  170   37  142  144   30 184.73 
odo:  168  173   35  142  143   30 171.09 
odo:  168  171   36  142  144   29 167.52 
odo:  168  167   37  142  143   30 165.09 
odo:  168  167   37  142  144   29 163.51 
odo:  168  169   36  144  145   29 161.33 
Time: 2017-08-07 22:05:43
odo:  168  172   35  144  146   29 155.78 
odo:  168  171   35  144  144   29 153.17 
odo:  168  169   35  148  143   31 149.51 
odo:  168  168   36  148  144   31 149.58 
odo:  168  169   35  156  147   33 152.06 
odo:  163  167   34  168  150   36 156.73 
odo:  146  168   29  168  156   36 158.69 
odo:  127  159   24  168  157   37 159.21 
odo:  127  155   22  168  166   35 156.42 
odo:  136  142   26  168  168   35 154.32 
Time: 2017-08-07 22:05:44
odo:  136  134   27  168  169   35 150.42 
odo:  136  134   28  168  167   35 149.14 
odo:  136  132   28  168  168   35 148.38 
odo:  168  134   37  135  169   25 143.61 
odo:  168  140   39   99  158   15 140.45 
odo:  168  150   38  138  144   25 132.78 
odo:  168  158   38  144  133   29 125.40 
odo:  168  166   36  144  138   28 121.72 
odo:  168  169   36  144  136   30 113.15 
odo:  168  167   36  144  138   30 101.40 
Time: 2017-08-07 22:05:45
odo:  168  166   37  144  139   30  95.55 
odo:  168  161   38  144  141   30  84.43 
odo:  168  160   39  144  144   29  80.01 
odo:  168  165   39  144  145   29  78.62 
odo:  168  166   39  144  143   30  84.66 
odo:  168  170   38  144  144   29  88.97 
odo:  168  171   37  144  143   30  97.50 
odo:  168  172   37  144  145   29  99.05 
odo:  168  173   36  144  146   29  98.79 
odo:  168  171   36   67  144    7  93.73 
Time: 2017-08-07 22:05:46
odo:  168  170   36  -18  126  -18  94.23 
odo:  168  168   36   66   62   11  97.54 
odo:  168  165   37   66   58   11 105.19 
odo:  168  164   38   66   59   12 110.24 
odo:  168  164   38   66   61   12 119.78 
odo:  168  166   38   66   61   12 124.76 
odo:  168  167   38   66   61   13 135.52 
odo:  168  165   39   66   64   12 148.18 
odo:  168  166   39   66   64   12 155.37 
odo:  168  167   38  162   64   40 171.66 
Time: 2017-08-07 22:05:47
odo:  139  168   30  168   86   45 178.83 
odo:  119  158   24  168  115   44 189.05 
odo:  119  146   24  168  142   41 192.44 
odo:  119  139   24  168  158   39 192.09 
odo:  123  133   25  168  167   37 188.39 
odo:  123  129   25  168  170   37 182.07 
odo:  123  129   24  168  170   37 178.70 
odo:  123  123   26  168  170   36 172.26 
odo:  123  128   24  168  172   36 169.26 
odo:  158  123   35  168  168   37 163.52 
Time: 2017-08-07 22:05:48
odo:  168  136   37  147  167   31 158.09 
odo:  168  144   38  147  163   30 156.41 
odo:  168  152   38  147  159   30 154.33 
odo:  168  157   38  147  156   29 153.68 
odo:  168  160   38  147  152   30 153.21 
odo:  168  165   38  147  152   29 154.07 
odo:  168  166   38  147  153   28 154.65 
odo:  168  168   37  147  150   29 157.34 
odo:  168  172   36  147  149   29 162.54 
odo:  168  171   36  147  146   29 166.31 
Time: 2017-08-07 22:05:49
odo:  168  168   37  147  146   30 176.53 
odo:  168  166   37  147  146   30 181.56 
odo:  168  169   36  147  144   30 187.57 
odo:  168  172   36  151  143   32 190.76 
odo:  150  173   30  168  144   37 191.53 
odo:  139  161   28  168  149   38 189.45 
odo:  139  154   28  168  157   38 187.46 
odo:  139  150   28  168  163   37 183.99 
odo:  139  148   27  168  167   36 180.99 
odo:  139  142   28  168  168   36 180.52 
Time: 2017-08-07 22:05:50
odo:  146  140   30  168  170   35 183.85 
odo:  168  139   38  138  171   26 191.93 
odo:  168  150   37  139  161   27 195.46 
odo:  168  159   36  139  152   27 199.95 
odo:  168  164   35  139  151   26 200.26 
odo:  168  163   36  139  146   26 198.93 
odo:  168  166   36  139  146   26 194.42 
odo:  168  167   36  139  140   27 191.91 
odo:  168  166   36  139  145   25 187.46 
odo:  168  166   36  139  136   27 186.06 
Time: 2017-08-07 22:05:51
odo:  168  163   37  139  145   25 183.86 
odo:  168  165   37  139  133   28 183.16 
odo:  168  168   37  139  139   27 183.43 
odo:  168  166   37  139  134   28 184.72 
odo:  168  166   37  139  135   28 186.57 
odo:  168  166   38  139  133   29 187.50 
odo:  168  167   37  139  134   30 189.68 
odo:  168  168   37  147  136   32 190.70 
odo:  155  169   33  168  140   38 193.06 
odo:  152  165   32  168  148   38 195.01 
Time: 2017-08-07 22:05:52
odo:  143  162   29  168  157   37 195.68 
odo:  143  154   30  168  165   36 196.92 
odo:  143  156   28  168  170   35 197.79 
odo:  143  147   30  168  172   34 199.90 
odo:  143  150   28  168  171   34 202.45 
odo:  143  148   28  168  172   33 204.15 
odo:  143  148   28  168  172   33 208.65 
odo:  143  148   27  168  171   33 213.94 
odo:  143  145   28  168  169   33 216.88 
odo:  168  146   34   -5  169  -16 222.61 
Time: 2017-08-07 22:05:53
odo:  168  146   37   -5   92   -9 223.79 
odo:  168  151   37   -5   72  -13 230.21 
odo:  168  153   38  140   40   30 236.59 
odo:  168  155   39  143   49   37 243.46 
odo:  168  158   39  143   76   38 251.23 
odo:  168  162   39  143  103   36 254.27 
odo:  168  163   39  143  121   35 260.19 
odo:  168  167   39   63  136   10 265.52 
odo:  168  171   38  -25  124  -18 266.41 
odo:  168  171   37   66   73    9 272.65 
Time: 2017-08-07 22:05:54
odo:  168  169   38  142   58   34 291.70 
odo:  168  165   39  142   79   35 300.68 
odo:  168  169   38  142  100   35 310.78 
odo:  168  171   37  142  117   34 314.02 
odo:  168  169   37  142  128   34 317.45 
odo:  168  170   37  142  139   32 317.85 
odo:  168  169   37  142  145   30 316.93 
odo:  168  169   37  142  148   29 314.12 
odo:  168  170   37  144  147   30 312.51 
odo:  168  170   37  144  147   29 309.67 
Time: 2017-08-07 22:05:55
odo:  168  171   36  147  147   30 307.89 
odo:  168  172   35  147  147   30 307.45 
odo:  168  171   35  147  147   30 305.47 
odo:  168  167   36  147  146   30 303.33 
odo:  151  168   31  168  146   36 302.93 
odo:  142  162   29  168  152   37 301.50 
odo:  139  155   28  168  160   36 299.01 
odo:  139  150   28  168  166   35 292.83 
odo:  139  147   28  168  163   36 286.97 
odo:  128  144   25  168  167   35 283.96 
Time: 2017-08-07 22:05:56
odo:  119  137   23  168  168   35 277.38 
odo:  122  136   22  168  167   35 274.59 
odo:  128  128   25  168  167   35 269.46 
odo:  128  127   25  168  164   36 264.31 
odo:  119  124   24  168  165   36 262.02 
odo:  119  121   24  168  162   38 257.89 
odo:  119  122   23  168  162   38 252.93 
odo:  119  123   23  168  164   38 249.68 
odo:  119  120   23  168  170   37 242.54 
odo:  123  120   24  168  171   36 238.41 
Time: 2017-08-07 22:05:57
odo:  123  121   24  168  167   37 229.86 
odo:  123  121   25  168  172   36 222.17 
odo:  123  125   24  168  171   36 219.47 
odo:  123  122   24  168  172   35 215.89 
odo:  114  119   23  168  167   36 215.47 
odo:  114  114   24  168  166   37 214.67 
odo:  114  118   22  168  168   36 214.46 
odo:  114  112   24  168  168   36 213.79 
odo:  118  120   23  168  170   36 212.49 
odo:  120  115   25  168  168   36 210.93 
Time: 2017-08-07 22:05:58
odo:  120  120   24  168  169   36 209.65 
odo:  120  116   25  168  172   35 207.10 
odo:  120  117   25  168  172   34 205.32 
odo:  120  118   25  168  168   35 201.27 
odo:  120  118   25  168  169   35 196.91 
odo:  120  117   26  168  170   35 194.34 
odo:  168  117   40  148  171   28 188.89 
odo:  168  128   41  148  160   29 187.15 
odo:  168  145   40  148  161   28 184.08 
odo:  168  157   39  148  154   29 183.32 
Time: 2017-08-07 22:05:59
odo:  168  166   37  148  157   27 182.99 
odo:  168  162   39  148  149   29 182.55 
odo:  168  163   39  148  155   27 183.14 
odo:  168  165   39  148  146   29 183.00 
odo:  168  170   38  148  149   28 184.03 
odo:  168  178   35  148  147   29 184.72 
odo:  168  173   36  148  149   28 186.21 
odo:  168  171   36  148  146   29 188.38 
odo:  168  171   35  148  148   29 189.72 
odo:  168  169   36  148  149   28 192.24 
Time: 2017-08-07 22:06:00
odo:  168  167   36  148  150   28 193.43 
odo:  131  169   25  168  149   34 195.81 
odo:  131  158   25  168  151   35 197.38 
odo:  131  150   25  168  156   35 198.03 
odo:  131  142   25  168  159   35 198.32 
odo:  131  136   26  168  162   35 197.84 
odo:  131  134   26  168  161   36 197.37 
odo:  131  132   26  168  164   36 195.87 
odo:  140  132   29  168  165   36 194.88 
odo:  168  134   37  167  169   35 192.70 
Time: 2017-08-07 22:06:01
odo:  168  144   37  167  169   35 190.72 
odo:  168  149   38  167  169   35 189.83 
odo:  168  158   37  167  172   33 188.17 
odo:  168  166   36  167  173   33 187.37 
odo:  168  170   35  167  171   33 186.73 
odo:  168  173   34  167  171   32 186.14 
odo:  168  172   34  167  172   32 185.88 
odo:  168  171   34  167  171   32 185.16 
odo:  168  172   33  167  169   32 184.25 
odo:  168  165   35  167  167   32 183.54 
Time: 2017-08-07 22:06:02
odo:  168  165   35  167  166   32 182.62 
odo:  168  165   35  167  165   33 182.33 
odo:  168  164   36  167  165   33 181.73 
odo:  168  164   36  167  163   34 181.11 
odo:  168  162   37  167  165   34 180.53 
odo:  168  163   37  146  167   27 179.75 
odo:  168  168   36  146  159   28 179.29 
odo:  168  169   36  146  158   27 178.70 
odo:  168  167   37  146  153   27 178.90 
odo:  168  168   36  146  150   27 179.31 
Time: 2017-08-07 22:06:03
odo:  168  169   36  146  148   27 180.86 
odo:  168  168   36  146  145   28 182.99 
odo:  168  165   37  146  147   27 184.46 
odo:  168  163   38  146  143   29 187.91 
odo:  168  166   38  146  145   28 190.26 
odo:  168  167   37  146  146   28 195.54 
odo:  168  168   37  146  145   28 200.99 
odo:  168  169   37  146  145   28 204.13 
odo:  168  171   36  146  143   29 209.65 
odo:  168  170   36  146  144   29 212.13 
Time: 2017-08-07 22:06:04
odo:  168  170   36  146  146   29 215.66 
odo:  163  166   36  168  148   34 217.99 
odo:  134  166   27  168  150   36 219.09 
odo:  134  159   26  168  158   35 219.59 
odo:  134  153   26  168  161   35 219.51 
odo:  134  147   25  168  167   34 218.50 
odo:  134  140   26  168  168   34 216.04 
odo:  134  138   26  168  166   35 214.73 
odo:  134  136   26  168  168   34 211.50 
odo:  131  133   26  168  170   33 207.87 
Time: 2017-08-07 22:06:05
odo:  131  134   26  168  166   35 205.79 
odo:  131  133   26  168  165   35 201.62 
odo:  168  131   37  154  165   31 199.23 
odo:  168  138   38  154  164   30 194.43 
odo:  168  145   39  154  163   30 189.62 
odo:  168  154   38  154  159   30 188.01 
odo:  168  157   39  154  156   31 185.56 
odo:  168  162   39  154  153   31 185.11 
odo:  168  166   38  154  153   31 185.08 
odo:  168  172   36  154  153   31 186.09 
Time: 2017-08-07 22:06:06
odo:  168  170   37  154  151   32 186.65 
odo:  168  170   37  154  152   32 187.39 
odo:  168  174   35  154  153   32 188.27 
odo:  168  171   36  154  154   32 188.43 
odo:  168  170   36  154  154   32 189.15 
odo:  168  168   36  154  154   32 189.48 
odo:  168  167   36  154  153   32 189.42 
odo:  168  168   36  154  154   32 188.41 
odo:  168  165   37  154  153   32 187.47 
odo:  168  164   37  154  153   32 184.85 
Time: 2017-08-07 22:06:07
odo:  168  166   37  154  154   32 182.23 
odo:  168  167   37  154  156   31 181.02 
odo:  168  170   36  154  156   31 179.05 
odo:  168  169   36  154  157   31 178.36 
odo:  168  169   36  154  156   31 178.52 
odo:  168  171   36  154  154   31 180.83 
odo:  168  171   35  154  155   31 183.82 
odo:  168  165   37  154  155   31 192.95 
odo:  168  167   37  154  155   31 199.81 
Time: 2017-08-07 22:06:08
odo:  160  167   34  168  154   35 227.00 
odo:  151  167   31  168  157   35 231.25 
odo:  151  162   31  168  159   36 241.25 
odo:  151  156   32  168  163   35 256.58 
odo:  143  155   29  168  163   36 261.31 
odo:  143  149   30  168  164   36 239.32 
odo:  143  146   30  168  168   35 217.91 
odo:  143  144   30  168  170   35 200.31 
odo:  142  141   31  168  167   35 191.07 
odo:  142  144   30  168  168   35 185.55 
Time: 2017-08-07 22:06:09
odo:  142  141   31  168  169   35 174.22 
odo:  142  140   31  168  169   35 170.02 
odo:  142  138   32  168  169   35 167.20 
odo:  142  142   31  168  167   35 167.79 
odo:  144  142   32  168  167   35 167.24 
odo:  159  144   36  168  169   35 164.03 
odo:  159  144   37  168  168   35 157.96 
odo:  159  150   37  168  168   35 155.06 
odo:  159  154   36  168  170   34 155.35 
odo:  159  158   36  168  171   34 157.64 
Time: 2017-08-07 22:06:10
odo:  159  162   35  168  169   34 162.81 
odo:  159  163   34  168  167   35 167.97 
odo:  159  162   34  168  167   35 170.97 
odo:  159  162   34  168  169   34 177.94 
odo:  159  162   34  168  168   34 181.17 
odo:  159  160   34  168  167   35 185.66 
odo:  168  161   36  168  168   35 187.41 
odo:  168  160   37  155  171   30 188.42 
odo:  168  167   36  155  167   30 190.86 
odo:  168  169   35  155  169   28 192.20 
Time: 2017-08-07 22:06:11
odo:  168  170   35  155  160   29 193.05 
odo:  168  170   35  155  162   28 195.51 
odo:  168  169   35  155  152   31 195.64 
odo:  168  166   36  155  154   30 194.16 
odo:  168  165   36  155  150   31 192.58 
odo:  168  167   36  155  148   32 192.21 
odo:  168  169   35  155  152   32 192.93 
odo:  168  164   37  155  152   33 194.07 
odo:  168  166   36  155  155   32 195.42 
Time: 2017-08-07 22:06:12
odo:  168  165   37  155  159   31 195.94 
odo:  168  167   36  155  161   30 196.18 
odo:  168  169   36  155  162   29 196.13 
odo:  168  169   36  155  158   30 196.21 
odo:  155  170   32  168  157   33 196.45 
odo:  151  170   29  168  157   34 196.31 
odo:  151  160   30  168  156   36 196.03 
odo:  151  161   29  168  161   35 195.27 
odo:  151  155   30  168  161   36 194.71 
odo:  151  153   30  168  162   36 194.01 
Time: 2017-08-07 22:06:13
odo:  151  155   29  168  165   36 193.38 
odo:  151  151   30  168  166   36 191.68 
odo:  151  149   31  168  169   35 189.56 
odo:  151  151   30  168  168   36 188.46 
odo:  168  151   35  167  171   34 186.25 
odo:  168  155   36  167  173   33 184.78 
odo:  168  158   36  167  168   34 184.36 
odo:  168  162   36  167  166   35 183.89 
odo:  168  166   35  167  168   34 183.88 
odo:  168  167   35  167  167   34 183.77 
Time: 2017-08-07 22:06:14
odo:  168  165   36  167  166   35 182.54 
odo:  168  164   36  167  165   35 181.39 
odo:  168  163   37  167  167   35 178.57 
odo:  168  165   37  167  170   34 177.07 
odo:  168  166   37  167  169   34 173.99 
odo:  168  167   37  167  168   34 171.05 
odo:  168  169   36  167  168   34 170.04 
odo:  168  169   36  167  169   34 168.23 
odo:  168  173   35  167  168   34 166.93 
odo:  168  171   35  167  167   34 166.26 
Time: 2017-08-07 22:06:15
odo:  168  171   35  167  168   34 165.66 
odo:  168  170   35  167  170   33 165.34 
odo:  168  171   34  167  173   32 164.48 
odo:  168  168   35  167  168   33 163.84 
odo:  168  165   36  167  168   32 163.50 
odo:  168  162   37  167  163   34 162.80 
odo:  168  161   38  167  163   34 162.26 
odo:  168  163   38  167  161   35 161.08 
odo:  168  165   38  167  159   36 159.55 
odo:  168  167   37  167  157   38 158.17 
Time: 2017-08-07 22:06:16
odo:  168  169   37  167  163   37 154.00 
odo:  168  168   37  167  165   37 151.80 
odo:  168  170   37  167  168   36 152.32 
odo:  168  171   36  167  172   35 154.98 
odo:  168  169   36  167  174   34 155.67 
odo:  168  170   36  167  173   33 155.85 
odo:  168  169   36  167  173   33 153.50 
odo:  168  168   36  167  169   33 150.99 
odo:  168  171   35  167  169   33 145.64 
odo:  168  172   35  167  169   33 142.43 
Time: 2017-08-07 22:06:17
odo:  168  171   35  167  168   33 139.27 
odo:  168  167   36  167  167   33 139.44 
odo:  168  169   35  167  169   33 143.81 
odo:  168  171   35  167  169   32 154.51 
odo:  168  173   34  167  169   32 160.44 
odo:  168  170   34  167  169   32 161.20 
odo:  168  169   34  167  170   32 162.92 
odo:  168  170   34  167  170   31 164.76 
odo:  168  169   34  167  169   31 167.16 
odo:  168  170   34  167  166   32 166.08 
Time: 2017-08-07 22:06:18
odo:  168  169   34  159  167   30 164.95 
odo:  168  169   34  148  165   26 161.76 
odo:  168  171   33  148  164   25 160.00 
odo:  168  170   33  148  157   26 156.34 
odo:  168  168   33  148  153   26 156.47 
odo:  168  167   34  148  150   26 159.39 
odo:  168  165   34  148  149   26 172.30 
odo:  168  165   34  148  146   27 184.23 
odo:  168  165   35  148  145   27 186.30 
odo:  168  166   35  148  145   28 185.43 
Time: 2017-08-07 22:06:19
odo:  164  163   35  168  143   34 186.00
odo:  159  165   33  168  146   36 181.32 
odo:  156  161   33  168  154   35 178.77 
odo:  156  157   33  168  157   36 177.75 
odo:  156  159   32  168  162   36 176.25 
odo:  156  157   33  168  165   35 175.60 
odo:  156  160   32  168  167   35 173.99 
odo:  156  156   33  168  167   35 172.11 
odo:  156  158   32  168  169   35 171.14 
odo:  156  158   32  168  168   35 168.82 
Time: 2017-08-07 22:06:20
odo:  156  159   31  168  172   34 167.67 
odo:  156  157   32  168  170   34 167.09 
odo:  156  156   32  168  169   34 169.01 
odo:  156  157   32  168  169   34 171.10 
odo:  156  160   31  168  169   34 175.51 
odo:  156  156   31  168  169   34 176.90 
odo:  156  156   31  168  168   34 176.59 
odo:  156  154   32  168  167   34 175.92 
odo:  156  155   32  168  167   34 175.75 
odo:  156  155   32  168  170   33 176.46 
Time: 2017-08-07 22:06:21
odo:  160  154   34  168  168   34 179.18 
odo:  160  155   34  168  167   34 181.43 
odo:  160  158   33  168  169   34 186.91 
odo:  168  158   36  152  169   29 191.18 
odo:  168  163   35  152  161   30 192.54 
odo:  168  162   36  152  165   28 193.60 
odo:  168  162   37  152  160   28 193.45 
odo:  168  165   36  148  158   27 192.10 
odo:  168  165   37  148  154   27 188.66 
odo:  168  166   37  148  148   28 187.04 
Time: 2017-08-07 22:06:22
odo:  168  165   37  148  149   28 183.55 
odo:  168  165   37  148  149   28 181.84 
odo:  168  167   37  148  147   28 182.06 
odo:  168  169   37  148  146   29 182.42 
odo:  168  169   37  148  147   28 182.95 
odo:  168  167   37  148  146   29 183.87 
odo:  168  169   36  148  149   28 183.76 
odo:  168  171   36  148  148   28 183.72 
odo:  168  171   36  148  148   28 183.50 
Time: 2017-08-07 22:06:23
odo:  168  169   36  148  148   28 183.50 
odo:  168  170   35  148  148   28 182.87 
odo:  168  169   36  148  148   28 182.49 
odo:  168  166   36  148  148   28 182.38 
odo:  168  167   36  148  147   29 182.14 
odo:  168  169   36  148  148   29 181.67 
odo:  168  170   36  148  148   29 181.54 
odo:  164  166   35  145  150   27 181.64 
odo:   19  166   -6  -19  146  -19 181.80 
odo:   78  128    8  -78   56  -24 181.54 
Time: 2017-08-07 22:06:24
odo:   78   96   13  -78    4  -22 182.73 
odo:   78   77   16  -78    5  -31 187.13 
odo:   78   67   19  -78  -15  -32 190.56 
odo:   78   64   21  -78  -38  -32 199.09 
odo:   78   60   23  -78  -55  -30 208.97 
odo:   78   65   23  -78  -67  -29 214.84 
odo:   78   68   24  -78  -72  -29 226.28 
odo:   78   72   24  -78  -74  -29 238.65 
odo:   78   78   22  -78  -77  -28 244.97 
odo:   78   84   21  -78  -81  -27 258.53 
Time: 2017-08-07 22:06:25
odo:   78   87   19  -78  -78  -28 265.82 
odo:  152   85   40 -152  -78  -49 281.54 
odo:  152   99   42 -152  -95  -51 301.34 
odo:  152  124   40 -152 -117  -50 316.37 
odo:  152  147   36 -152 -135  -48 359.12 
odo: -140  166  -52  140 -140   35  22.81 
odo: -140   -4  -29  140  -70   40  59.23 
odo: -140   -6  -44  140    9   36  69.47 
odo:  -91  -22  -37   91   50   23  70.00 
odo:  -91  -37  -39   91   60   25  64.40 
Time: 2017-08-07 22:06:26
odo:  -91  -63  -37   91   64   27  50.12 
odo:  -91  -87  -33   91   75   26  40.85 
odo:  -91  -98  -30   91   86   24  14.18 
odo:   74  -79   43  -74   77  -19 325.63 
odo:   21  -13   23  -21   35   -5 312.73 
odo:   21   29   14  -21    6   -2 316.04 
odo:   21   33   13  -21    0   -4 321.35 
odo:   21   29   13  -21    0   -6 323.63 
odo:   21   25   13  -21    0   -8 327.59 
Time: 2017-08-07 22:06:27
odo:   16   23   12    6    0   -2 331.31 
odo:  159   22   53  144    0   38 333.19 
odo:  159   51   57  144   27   43 338.01 
odo:  159  107   51  144   60   44 345.29 
odo:  159  138   47  144   94   42 350.14 
odo:  159  158   43  144  125   38 356.46 
odo:  159  167   41  144  141   35 359.87 
odo:  159  172   39  144  151   33   5.62 
odo:  159  175   37  144  153   32  12.70 
odo:  159  176   35  144  154   31  17.12 
Time: 2017-08-07 22:06:28
odo:  159  176   33  144  153   30  25.00 
odo:  159  176   33  144  153   30  25.00 
odo:  159  168   33  144  150   29  34.73 
odo:  152  168   30  163  147   35  40.07 
odo:  152  159   31  163  149   36  42.81 
odo:  152  159   30  163  156   35  48.96 
odo:  152  153   32  163  158   35  56.90 
odo:  152  153   31  163  161   35  60.49 
odo:  152  156   30  163  163   34  66.00 
odo:  134  156   25  163  164   34  67.34 
Time: 2017-08-07 22:06:29
odo:   86  140   10  165  164   35  59.27 
odo:   71  121    6  167  162   36  54.55 
odo:   71  100    8  167  162   36  42.46 
odo:   71   85    9  167  162   37  35.01 
odo:  128   74   28  167  163   37  17.98 
odo:  167   84   41  167  162   38 356.35 
odo:  167  102   43  138  164   29 345.37 
odo:  167  148   39  138  155   27 319.06 
Time: 2017-08-07 22:06:30
odo:  167  161   38  138  149   28 315.93 
odo:  167  164   37  138  148   27 307.26 
odo:  167  168   37  138  144   27 298.81 
odo:  167  171   35  138  140   27 238.41 
odo:  167  171   35  141  140   28 247.14 
odo:  168  169   36  144  138   29 289.96 
odo:  158  172   32  168  141   36 305.24 
odo:  158  173   30  168  147   37 325.11 
odo:  158  163   32  168  157   36 334.08 
Time: 2017-08-07 22:06:31
odo:  158  162   31  168  163   35 335.78 
odo:  158  157   31  168  163   35 335.78 
odo:  158  158   32  168  167   35 335.53 
odo:  158  159   32  168  169   34 334.56 
odo:  168  157   35  168  170   34 332.43 
odo:  168  160   36  110  168   17 331.78 
odo:  168  163   35  -53  152  -29 333.70 
odo:  168  165   35  -14   45   -5 346.43 
odo:  168  161   37  -15   51  -14 358.72 
odo:  168  160   38  -15   24  -12  27.90 
Time: 2017-08-07 22:06:32
odo:  168  163   38  -49    3  -20  43.67 
odo:  168  168   37  -49   -4  -23  72.05 
odo:  168  171   36  -49  -10  -25  90.80 
odo:  151  170   31  168  -17   35  98.47 
odo:   18  166   -7  168   15   42 106.66 
odo:  132  119   25  168   65   42 112.71 
odo:  132  105   30  168   97   43 112.00 
odo:  132  108   31  168  121   43 109.65 
odo:  132  116   31  168  141   41 107.06 
odo:  132  126   30  168  155   40 101.09 
Time: 2017-08-07 22:06:33
odo:  132  132   29  168  155   40 101.09 
odo:  146  138   31  168  172   36  92.10
odo:  168  144   36   73  173    8  88.36 
odo:  168  152   36   92  147   12  88.73 
odo:  168  157   36   92  126   13  89.89 
odo:  168  158   37   92  114   13  94.53 
odo:  168  159   38   92  103   14  97.60 
odo:  168  161   38   92   97   15 103.75 
odo:  168  162   38  148   94   31 110.79 
odo:  138  166   29  168  105   39 113.79 
Time: 2017-08-07 22:06:34
odo:  138  159   29  168  123   40 119.34 
odo:  138  158   27  168  145   37 120.93 
odo:  138  153   27  168  158   36 122.19 
odo:  138  150   26  168  160   36 122.06 
odo:  138  146   26  168  163   36 121.77 
odo:  138  146   25  168  161   37 120.74 
odo:  138  143   25  168  167   36 119.98 
odo:  138  141   25  168  168   36 118.53 
odo:  138  139   26  168  166   37 116.77 
odo:  164  138   33  168  168   36 115.33 
Time: 2017-08-07 22:06:35
odo:  164  144   34  168  168   36 113.27 
odo:  164  148   35  168  169   36 112.34 
odo:  168  153   36  168  170   36 111.97 
odo:  168  158   36  168  171   35 111.57 
odo:  168  163   35  168  172   35 111.38 
odo:  168  167   35  168  173   34 109.84 
odo:  168  169   34  168  173   33 107.62 
odo:  168  164   36  143  170   26 104.38 
odo:  168  164   36  143  160   26 103.85 
Time: 2017-08-07 22:06:36
odo:  168  166   36  143  156   26 102.98 
odo:  168  167   36  143  151   26 102.96 
odo:  168  168   36  143  147   27 103.04 
odo:  168  167   36  143  147   26 104.03 
odo:  168  168   36  143  141   28 104.89 
odo:  168  167   36  143  146   26 105.25 
odo:  168  170   35  143  139   28 105.54 
odo:  150  170   30  168  143   34 105.46 
odo:  131  163   25  168  145   36 103.16 
odo:  130  151   25  168  154   36  99.02 
Time: 2017-08-07 22:06:37
odo:  130  143   25  168  161   35  97.60 
odo:  130  137   26  168  165   34 101.70 
odo:  130  136   25  168  165   35 108.26 
odo:  130  128   27  168  167   35 120.64 
odo:  130  128   28  168  168   34 120.04 
odo:  130  127   28  168  164   36 118.17 
odo:  130  129   28  168  169   34 118.37 
odo:   84  130   14  110  169   18 120.46 
odo:  -22  117  -16   16  156  -10 130.53 
Time: 2017-08-07 22:06:38
odo:  -22   58  -11   16  114  -11 137.08 
odo:  -16   34  -10   16   63   -5 142.60 
odo:   -9    7   -5    9   27   -1 143.54 
odo:   -9    0   -5    9    6    2 143.08 
odo:   -9   -1   -6    9    0    4 143.01 
odo:   -9   -2   -6    9   -1    5 142.69 
odo:   -9    0   -7    9    0    5 142.93 
odo:   -9   -1   -8    9    0    6 142.69 
odo:   -9   -4   -8    9    0    7 142.69 
odo:    0    0   -8    0    0    7 142.45 
Time: 2017-08-07 22:06:39
odo:    0    1   -8    0    0    7 142.93 
odo:   38    0   10  -38    0   -5 142.93 
odo:  128    6   38 -128   -1  -34 143.35 
odo:  128   24   44 -128  -18  -41 145.15 
odo:   76   53   30  -76  -42  -29 146.60 
odo:   76   72   27  -76  -56  -28 148.37 
odo:   76   83   25  -76  -58  -30 148.58 
odo:   76   91   22  -76  -65  -29 147.95 
odo:   76   90   21  -76  -69  -29 148.86 
odo:   26   90    5  -26  -72  -14 153.75 
Time: 2017-08-07 22:06:40
odo:   24   75    3  -24  -67  -11 158.66 
odo:   24   57    3  -24  -60   -9 161.04 
odo:   24   38    6  -24  -51   -8 165.66 
odo:   24   25    8  -24  -42   -9 169.62 
odo:   24   22    9  -24  -34   -9 171.58 
odo:   43   15   17  -43  -29  -15 174.69 
odo:   43   19   18  -43  -31  -16 176.28 
odo:   41   25   18  -41  -32  -16 179.86 
odo:   41   31   17  -41  -34  -16 184.13 
odo:   41   34   18  -41  -38  -16 186.10 
Time: 2017-08-07 22:06:41
odo:   41   37   17  -41  -40  -15 191.28 
odo:   41   38   18  -41  -41  -15 193.92 
odo:   41   40   17  -41  -39  -16 199.50 
odo:   41   43   16  -41  -38  -16 204.35 
odo:   41   45   16  -41  -40  -16 206.70 
odo:   41   45   15  -41  -37  -17 210.30 
odo:   41   46   15  -41  -37  -17 212.90 
odo:   41   45   14  -41  -37  -18 214.15 
odo:   18   42    8  -18  -36  -12 216.74 
odo:   67   36   22   57  -35   10 218.33 
Time: 2017-08-07 22:06:42
odo:   77   46   25   65  -17   16 223.43 
odo:   12   55    6  -16    6   -6 226.33 
odo:   12   47    5  -16    3   -6 224.28 
odo:   12   37    4  -16   -2   -7 227.50 
odo:   12   25    6  -16    0   -9 228.60 
odo:   12   16    7  -16    0  -10 230.20 
odo:   12   12    8  -16   -1  -11 231.18 
odo:   12    8    9  -16    0  -13 231.57 
odo:   12    6   10  -16   -2  -14 231.95 
odo:   12    7   10  -16   -6  -14 233.30 
Time: 2017-08-07 22:06:43
odo:   12    5   11  -16   -8  -15 233.89 
odo:   12    8   11  -16  -10  -15 235.23 
odo:  -33   10   -1   31  -13   -1 236.26 
odo:  -46    3   -7   44   -5    4 238.57 
odo:  -27   -3   -4   25    2    1 238.51 
odo:  -27   -1   -7   25    0    4 237.60 
odo:  -27   -7   -8   25    0    6 237.47 
odo:  -27   -4  -11   25    4    7 237.54 
odo:  -27   -7  -12   25    2   10 236.80 
odo:  -27   -8  -14   25    2   12 235.81 
Time: 2017-08-07 22:06:44
odo:  -27  -14  -14   25    7   12 234.83 
odo:  -29  -18  -14   30    9   15 232.76 
odo:  -29  -20  -15   30   14   15 229.96 
odo:  -25  -22  -14   27   21   14 227.84 
odo:  -25  -21  -15   27   26   13 223.58 
odo:  -22  -19  -15   25   27   13 221.76 
odo:  -22  -19  -15   25   25   13 218.45 
odo:  -22  -18  -15   25   22   14 215.54 
odo:  -22  -21  -15   25   21   14 214.78 
odo:  -22  -24  -14   25   21   15 212.15 
Time: 2017-08-07 22:06:45
odo:  -16  -27  -11   24   24   14 210.86 
odo:   42  -27    5   47   26   20 209.46 
odo:   54  -15   12   58   33   23 208.73 
odo:   68    4   17   71   42   26 208.25 
odo:   71   14   21   61   53   23 205.75 
odo:   71   23   23   61   61   22 202.83 
odo:   71   33   25   61   68   20 201.54 
odo:   71   43   26   54   73   15 198.72 
odo:   71   51   26   16   68    4 197.70 
odo:   71   60   25   60   59   15 196.20 
Time: 2017-08-07 22:06:46
odo:   71   66   25   60   54   16 196.97 
odo:   71   74   23   60   53   17 197.67 
odo:   71   76   22   55   55   16 200.29 
odo:   -1   76    1    1   56    0 203.87 
odo:   -1   57    0    1   41    0 204.87 
odo:  -53   38  -15  -53   29  -16 207.51 
odo:  -53    4  -13  -53    2  -15 207.63 
odo:    3  -11    1    2  -12   -1 207.92 
odo:    3   -5    0    2   -6   -2 207.79 
odo:    3   -1    0    2   -1   -2 207.64 
Time: 2017-08-07 22:06:47
odo:    3    0    0    2    0   -2 207.65 
odo:    3    0    0    2    0   -2 207.78 
odo:  -49    0  -14  -49    0  -16 207.78 
odo: -165   -7  -50 -166   -7  -53 206.97 
odo: -150  -80  -38 -151  -38  -54 205.38 
odo:  -88  -81  -27  -89  -85  -33 204.02 
odo:   -3  -83   -3   -5 -110   -2 203.03 
odo:   -3  -66   -1   -5  -99    3 203.72 
odo:   -3  -47    0   -5  -76    5 204.04 
odo:   -3  -27   -2   -5  -49    4 204.71 
Time: 2017-08-07 22:06:48
odo:   -3  -14   -3   -5  -26    1 205.15 
odo:   -3   -5   -5   -5  -10    0 205.62 
odo:   -3   -6   -4   -5   -2   -2 205.46 
odo:    2    0   -4    0    0   -2 205.15 
odo:   34    0    9   34    0    8 205.46 
odo:   75    6   23   74    3   21 206.24 
odo:   83   14   29   82   16   27 206.54 
odo:   83   32   30   82   38   26 206.21 
odo:   40   49   18  -40   59  -10 205.14 
odo:  135   52   44 -135   37  -40 204.32 
Time: 2017-08-07 22:06:49
odo:    8   70    9   -6  -15   -3 206.11 
odo:    8   70    4   -6  -23   -1 209.20 
odo:    8   58    1   -6  -15   -2 211.27 
odo:    8   39    2   -6   -9   -2 214.55 
odo:    8   24    4   -6   -2   -4 216.67 
odo:    8   13    5   -6   -1   -5 217.19 
odo:    4    9    5   -1   -1   -4 218.31 
odo:   41    8   15   40    0    7 218.08 
odo:  162    7   54  157    1   44 219.45 
odo:  162   43   57  157   26   51 223.69 
Time: 2017-08-07 22:06:50
odo:  162   96   53  157   72   50 225.22 
odo:  162  140   46  157  110   47 228.64 
odo:  162  161   43  157  140   43 232.16 
odo:  168  177   40  167  159   42 233.79 
odo:  168  184   37  167  168   40 237.40 
odo:  168  187   35  167  178   37 239.08 
odo:  168  186   34  167  182   35 242.79 
odo:  168  185   32  167  181   34 245.82 
odo:  168  179   32  167  178   34 247.76 
Time: 2017-08-07 22:06:51
odo:  150  181   25  168  176   34 250.93 
odo:  118  171   16  168  174   33 251.86 
odo:  115  152   16  168  167   35 253.33 
odo:  122  138   19  168  164   36 254.42 
odo:  122  127   20  168  166   35 254.35 
odo:  122  122   21  168  164   36 252.81 
odo:  122  119   22  168  164   37 250.27 
odo:  154  119   31  168  164   37 248.65 
odo:  168  129   36  134  168   26 244.69 
odo:  168  135   38  112  162   19 242.65 
odo:  168  149   37  123  151   20 240.92 
Time: 2017-08-07 22:06:52
odo:  168  159   36  123  138   22 242.78 
odo:  168  165   35  123  129   23 244.85 
odo:  168  165   35  123  129   23 244.85 
odo:  168  167   35  123  124   23 251.51 
odo:  168  167   35  142  125   28 256.70 
odo:  168  166   35  142  129   29 262.03 
odo:  137  167   26  146  132   30 264.21 
odo:  132  158   25  143  135   30 267.83 
odo:  126  153   22  141  140   28 268.89 
odo:  124  143   22  141  142   28 268.29 
Time: 2017-08-07 22:06:53
odo:  124  132   23  141  140   28 266.52 
odo:  124  126   24  142  138   29 265.38 
odo:  126  127   24  144  139   30 262.21 
odo:  126  123   25  144  141   30 258.19 
odo:  131  122   27  150  142   32 256.12 
odo:  143  122   32  164  143   36 252.48 
odo:  147  126   34  168  147   38 250.90 
odo:  147  132   34  168  155   38 247.27 
odo:  147  136   34  168  164   36 243.53 
odo:  147  142   33  168  172   34 242.07 
Time: 2017-08-07 22:06:54
odo:  154  146   35  168  173   34 241.13 
odo:  168  149   39   31  172   -5 242.75 
odo:  168  157   38   10  132  -12 242.54 
odo:  168  163   37   46   82    0 249.44 
odo:  168  163   38   46   54    5 254.00 
odo:  168  165   38   46   45    6 260.77 
odo:  168  166   38   46   41    8 264.45 
odo:  168  168   37   46   39    9 262.61 
odo:  168  170   37   46   41    9 243.77 
Time: 2017-08-07 22:06:55
odo:  151  166   33  168   73   46 260.89 
odo:  151  163   32  168  106   45 281.23 
odo:  127  160   25  168  135   43 290.21 
odo:  127  151   24  168  156   40 305.35 
odo:  127  146   24  168  166   38 312.58 
odo:  127  137   25  168  168   38 312.90
odo:  127  134   25  168  168   38 312.90
odo:  123  131   23  168  172   36 270.30 
Time: 2017-08-07 22:06:56
odo:  123  121   25  168  171   36 236.40 
odo:  123  126   24  168  170   36 225.56 
odo:  123  123   25  168  169   36 212.13 
odo:  123  124   24  168  172   35 209.51 
odo:  123  123   25  168  171   35 208.47 
odo:  123  122   25  168  170   35 231.57 
odo:  127  120   27  168  171   35 285.22 
odo:  147  122   32  168  169   35 300.60 
odo:  160  129   36  168  168   35 298.58 
Time: 2017-08-07 22:06:57
odo:  160  138   37  168  169   35 284.70 
odo:  160  149   36  168  169   35 272.38 
odo:  160  154   35  168  171   34 248.98 
odo:  160  158   35  168  170   34 235.55 
odo:  143  161   29  168  170   34 231.75 
odo:  138  158   27  168  172   33 228.71 
odo:  138  153   26  168  172   33 228.04 
odo:  138  147   27  168  170   33 225.30 
odo:  138  145   26  168  166   34 220.91 
odo:  138  137   28  168  167   34 218.76 
Time: 2017-08-07 22:06:58
odo:  138  137   28  168  167   34 218.76 
odo:  159  137   34  168  167   34 210.56 
odo:  168  142   38  159  168   31 209.75 
odo:  168  152   37    0  167   31 212.10 
odo:  168  161    1    0  134   31 215.57 
odo:  168  127   12    0  103   31 226.44 
odo:  168  105   18    0   73   31 244.19 
odo:  168   92   22    0   51   31 253.09 
odo:  138   90   13  168   36   73 269.89 
odo:  131   70   22  168   94   66 288.75 
Time: 2017-08-07 22:06:59
odo:  131   77   25  168  147   57 293.60 
odo:  131   84   28  168  187   48 283.90 
odo:  131  100   28  168  199   43 275.64 
odo:  168  111   38  126  202   27 265.28 
odo:  168  128   39  135  184   28 259.76 
odo:  168  144   38  150  178   30 256.83 
odo:  168  153   38  150  167   30 250.52 
odo:  168  163   36  107  164   17 250.00 
odo:  168  167   36   50  148    0 251.53 
odo:  168  169   35   50  118    0 245.91 
Time: 2017-08-07 22:07:00
odo:  168  170   35   50   88    2 240.13 
odo:  168  167   35   50   68    4 217.99 
odo:  168  166   36   50   56    6 210.19 
odo:  168  167   36   50   50    7 205.00 
odo:  147  161   30  168   76   44 205.76 
odo:  139  154   29  168  111   43 205.00 
odo:  127  149   25  168  138   40 204.26 
odo:  127  141   25  168  153   39 207.35 
odo:  127  140   24  168  163   38 220.95 
Time: 2017-08-07 22:07:01
odo:  127  136   24  168  168   37 226.67 
odo:  127  135   24  168  173   35 243.29 
odo:  127  132   24  168  171   36 257.29 
odo:  127  129   24  168  171   35 262.01 
odo:  127  127   25  168  171   35 268.43 
odo:  127  126   25  168  168   36 270.82 
odo:  127  124   26  168  170   35 274.67 
odo:  127  125   25  168  170   35 275.93 
odo:  127  126   25  168  169   35 275.18 
odo:  127  125   26  168  167   35 271.80 
Time: 2017-08-07 22:07:02
odo:  127  126   26  168  168   35 269.70 
odo:  127  127   25  168  169   35 270.13 
odo:  127  129   25  168  169   35 270.13 
odo:  127  128   25  168  170   34 271.80 
odo:  120  129   23  158  167   32 275.14 
odo:  -27  123  -18   28  166   -5 280.52 
odo:  -27   78  -18   28  106    0 278.33 
odo:  -27   26  -13   28   87   -2 278.94 
odo:  -27   -5   -9   28   55    1 278.02 
odo:  -27   -7  -11   28   29    6 276.38 
Time: 2017-08-07 22:07:03
odo:  -27   -8  -13   28   16    9 275.82 
odo:  -24  -11  -13   26   12   11 275.45 
odo:  -14  -15  -10   23   10   12 273.96 
odo:   -2  -15   -7   24   14   12 272.71 
odo:   36  -10    3   38   17   16 271.27 
odo:   26   -2    2   19   21   11 271.65 
odo:   28    1    5   -1   22    5 269.98 
odo:   26    1    7   15   14   10 269.08 
odo:   73    1   22   60   14   23 269.46 
odo:  123   12   40  101   20   37 271.88 
Time: 2017-08-07 22:07:04
odo:  168   41   55  139   44   49 274.17 
odo:  168   81   55  139   83   46 277.35 
odo:  168  124   51  139  120   41 276.98 
odo:   74  158   18   61  142   14 279.55 
odo:   74  152   13   61  133    9 275.11 
odo:   74  134   11   61  119    7 272.54 
odo:   74  110   12   61   98    8 268.72 
odo:   74   91   14   61   79   10 267.48 
odo:   21   80    0  -21   69  -12 264.62 
odo:   18   59    0  -13   39   -9 260.30 
Time: 2017-08-07 22:07:05
odo:   20   34    4    2   12   -2 261.54 
odo:   57   14   19   47   -1   13 264.62 
odo:   94   13   34   77    8   23 267.43 
odo:   21   34   14  -21   19   -1 268.94 
odo:   21   49    9  -21   17   -4 265.83 
odo:   21   36   10  -21    8   -5 266.58 
odo:   68   36   22  -68   -2  -19 270.40 
odo:   69   34   26  -69   -9  -23 272.38 
odo:   69   45   26  -69  -22  -25 281.90 
odo:   69   61   24  -69  -35  -25 302.54 
Time: 2017-08-07 22:07:06
odo:   69   69   22  -69  -46  -25 318.68 
odo:   69   75   20  -69  -52  -26 354.34 
odo:   69   77   19  -69  -61  -25   6.82 
odo:   69   77   19  -69  -65  -25  19.26 
odo:   69   77   18  -69  -71  -23  24.40 
odo:   69   78   17  -69  -71  -23  27.81 
odo:   69   78   16  -69  -70  -23  38.85 
odo:   69   76   16  -69  -72  -23  54.97 
odo:   69   73   16  -69  -74  -22  64.20 
odo:   69   73   16  -69  -73  -22  82.19 
Time: 2017-08-07 22:07:07
odo:   69   74   15  -69  -68  -23  90.94 
odo:   -7   71   -6    7  -68   -1 107.90 
odo:  -33   47  -13   33  -52    8 120.88 
odo:  -33   17  -12   33  -27    9 124.43 
odo:  -33   -3  -11   33   -5    8 126.38 
odo:  -33   -5  -14   33    5    9 125.84 
odo:  -33   -8  -15   33    7   11 124.10 
odo:  -33  -12  -16   33   11   12 122.10 
odo:  -33  -16  -17   33   15   13 120.19 
odo:  -33  -18  -18   33   19   14 116.41 
Time: 2017-08-07 22:07:08
odo:  -30  -21  -18   31   21   14 111.42 
odo:  -10  -20  -13   10   24    8 108.86 
odo:   -8  -13  -14    8   15    9 105.21 
odo:   -1  -12  -12    1    4    9 103.84 
odo:   -1  -12  -11    1    0   10 102.37 
odo:   -1  -11  -10    1    0   10 101.24 
odo:   -1  -10   -9    2    0   10 100.78 
odo:   36   -7    0   36    0   20  99.95 
odo:   74   -1   14   75    6   33  98.52 
odo:   68   12   15   69   25   32  95.57 
Time: 2017-08-07 22:07:09
odo:   -2   21   -2    2   47   11  91.39 
odo:   -2   12   -1    2   49    6  90.14 
odo:   -2    3    0    2   42    4  83.12 
odo:   -1    0    0    1   29    4  78.44 
odo:  -10    0   -2   -9   17    2  76.82 
odo:   -4   -1   -1   -1    7    4  75.41 
odo:   -4    0   -1   -1    0    6  75.15 
odo:   -4    0   -2   -1    0    5  75.15 
odo:   -2    0   -1    0    0    5  75.41 
odo:   -2    0    0    0    0    5  75.71 
Time: 2017-08-07 22:07:10
odo:   -1    0    0    4    0    7  75.71 
odo:    0    0    0    9    1    8  75.15 
odo:   25    0    7   28    0   15  75.15 
odo:   34    3   11   36    4   19  73.78 
odo:   13    6    7   18   15   13  72.70 
odo:   -5    4    3    7   21    8  71.08 
odo:   -5    0    3    7   20    8  68.92 
odo:   -5    1    2    7   13    8  67.86 
odo:   -5    0    2    7    7   10  66.51 
odo:   -6    0    1    7    5   10  65.97 
Time: 2017-08-07 22:07:11
odo:   -7    0    0    7    6   10  65.70 
odo:   -7    0    0    7    5   10  64.64 
odo:   -7    0    0    7    5   11  64.37 
odo:   -7    0    0    7    5   11  63.57 
odo:   -7    0   -1    7    6   11  63.31 
odo:   -7    0   -2    7    5   11  62.74 
odo:  -11    0   -4   -2    4    9  61.68 
odo:  -15   -1   -6   -8    4    7  61.64 
odo:  -15    0   -7   -8    1    6  61.64 
odo:  -18    0   -9  -13    0    4  61.64 
Time: 2017-08-07 22:07:12
odo:  -21   -1  -12  -16   -1    3  61.87 
odo:  -31   -5  -15  -29    0   -2  61.87 
odo:  -34  -10  -17  -32   -2   -5  62.10 
odo:  -44  -17  -20  -44   -4  -11  61.21 
odo:  -44  -25  -20  -44  -13  -12  60.95 
odo:  -44  -35  -19  -44  -17  -13  60.54 
odo:  -44  -41  -18  -44  -22  -15  60.25 
odo:  -44  -45  -18  -37  -24  -14  59.83 
odo:  -44  -47  -17  -37  -27  -14  59.55 
odo:  -44  -50  -16  -34  -29  -14  60.37 
Time: 2017-08-07 22:07:13
odo:  -40  -53  -13  -28  -31  -12  60.82 
odo:  -29  -51   -9  -12  -29   -8  62.22 
odo:  -26  -42   -9   18  -24    0  64.90 
odo:  -22  -38   -8   16  -18    2  65.21 
odo:   -7  -32   -4    1  -12    0  67.05 
odo:  -13  -25   -5   -6   -6   -3  67.75 
odo:  -13  -16   -6   -6   -4   -3  68.88 
odo:  -13  -14   -7   -6   -3   -4  68.88 
odo:   -7   -9   -6    2   -3   -2  69.25 
odo:   -7   -7   -7    2   -1   -2  69.63 
Time: 2017-08-07 22:07:14
odo:   -7   -1   -8    7    0    0  70.00 
odo:   -5    0   -9    6    0    0  70.00 
odo:   -2    0   -8    7    0    0  70.00 
odo:    6    0   -6   13    0    2  70.00 
odo:   37    0    2   39    0   11  69.63 
odo:   60    2   12   63    3   21  67.77 
odo:   73   10   19   77   10   28  65.89 
odo:  116   16   35  123   27   43  62.13 
odo:  116   39   38  123   54   44  56.87 
odo:  116   67   37  123   84   42  47.60 
Time: 2017-08-07 22:07:15
odo:  116   91   35  123  111   37  36.12 
odo:  -10  105   -2   -1  127   -1  30.59 
odo:  -10   84   -7   -1  104   -5  24.75 
odo:  -10   50   -5   -1   67   -4  22.12 
odo:  -10   21   -3   -1   34   -1  17.55 
odo:  -10    4   -1   -1   12    1  15.58 
odo:  -10    0   -1   -1    1    2  15.05 
odo:   -2    0    0    2    0    3  15.24 
odo:   21    0    6  -23    0   -3  15.24 
odo:   45    0   14  -47    0  -12  14.84 
Time: 2017-08-07 22:07:16
odo:   56    7   20  -58   -6  -18  14.62 
odo:   56   13   23  -58   -9  -22  15.36 
odo:   58   23   24  -61  -15  -25  19.06 
odo:   63   36   25  -65  -26  -28  26.22 
odo:   58   47   23  -60  -40  -26  31.55 
odo:   57   58   21  -58  -51  -24  43.57 
odo:   46   64   16  -46  -60  -19  49.83 
odo:   46   66   14  -46  -61  -17  62.81 
odo:   46   62   13  -46  -57  -17  75.59 
odo:   19   57    5  -18  -53   -9  81.76 
Time: 2017-08-07 22:07:17
odo:   18   49    4  -17  -45   -8  94.35 
odo:   18   37    4  -17  -39   -7 104.13 
odo:   15   25    5  -17  -31   -7 107.99 
odo:  -15   16   -1    0  -23   -7 113.72 
odo:  -17    7   -6    3  -14   -5 115.64 
odo:  -23   -2   -8   10   -4   -4 117.38 
odo:  -25   -4  -10   21    0   -1 117.06 
odo:  -25   -4  -12   21    1    0 116.42 
odo:  -25   -5  -13   21    0    2 115.79 
odo:  -25   -7  -15   21    1    4 115.32 
Time: 2017-08-07 22:07:18
odo:  -25  -11  -15   21    1    6 114.37 
odo:  -25  -14  -16   21    0    8 112.94 
odo:  -25  -16  -16   21    1    9 111.99 
odo:  -25  -16  -17   21    0   12 110.38 
odo:  -25  -16  -18   21    1   13 108.23 
odo:  -25  -15  -19   21    3   15 107.42 
odo:  -25  -17  -19   21    4   16 105.27 
odo:  -25  -19  -19   21    7   17 103.37 
odo:  -25  -22  -19   21    7   18  99.97 
odo:  -25  -28  -18   21   12   18  96.04 
Time: 2017-08-07 22:07:19
odo:  -25  -33  -16   21   17   17  93.44 
odo:  -25  -37  -14   21   20   17  86.95 
odo:  -45  -40  -18  -34   25    0  83.63 
odo:  -75  -42  -26  -56   15   -8  77.79 
odo:  -75  -53  -26  -56   -1  -10  73.01 
odo:  -42  -64  -16  -31   -6   -7  71.02 
odo:  -43  -67  -13  -32  -12   -8  65.42 
odo:  -43  -60  -13  -32  -14   -9  61.47 
odo:   10  -57    2  -17  -19   -5  60.11 
odo:   20  -36    5  -26  -14   -9  58.22 
Time: 2017-08-07 22:07:20
odo:   23  -16    5  -30  -15  -11  58.69 
odo:   27    0    6  -33  -12  -14  60.54 
odo:   27    0    8  -33  -10  -17  61.87 
odo:   22    1    9  -28  -12  -17  63.03 
odo:    7    5    6  -18  -14  -15  65.21 
odo:    4    2    6  -18  -15  -15  66.75 
odo:    6    0    7  -20  -13  -16  69.12 
odo:    9    0    9  -17  -13  -16  71.18 
odo:    9    0    9  -17  -14  -16  71.75 
odo:    9    0   10  -17  -15  -16  74.06 
Time: 2017-08-07 22:07:21
odo:    9    0   11  -17  -15  -16  77.02 
odo:    9    0   12  -17  -19  -15  78.17 
odo:    9    0   13  -17  -20  -15  81.37 
odo:    9    1   13  -17  -22  -14  83.41 
odo:  -15    4    6  -25  -23  -16  87.17 
odo:  -56    1   -5  -67  -25  -27  92.12 
odo:  -62   -3  -11  -75  -33  -31  95.81 
odo:  -35  -10   -7  -42  -53  -20 102.62 
odo:    8   -8    1  -17  -61   -9 106.59 
odo:   17   -3    4  -18  -56   -7 115.38 
Time: 2017-08-07 22:07:22
odo:   13    1    4  -13  -49   -4 123.08 
odo:   -9    0    0    9  -38    1 125.65 
odo:   -6    0    0    7  -24    1 129.17 
odo:   -9    0   -2   11  -13    2 130.92 
odo:  -26    0   -7   28   -3    6 130.92 
odo:  -26   -5   -8   28    0    9 130.82 
odo:  -30   -1  -13   31    3   11 130.48 
odo:  -30   -3  -15   31    7   13 129.91 
odo:  -30   -9  -16   31   11   14 127.94 
odo:  -30  -14  -16   31   15   14 126.88 
Time: 2017-08-07 22:07:23
odo:  -25  -15  -16   27   16   15 124.37 
odo:  -12  -17  -13    4   17    9 122.77 
odo:  -12  -16  -12    4   13    9 119.51 
odo: -104  -14  -39  -93    6  -17 117.46 
odo: -128  -38  -47 -115   -8  -29 117.94 
odo:  -13  -82   -9    1  -26    0 116.27 
odo:  -13  -84   -3    1  -25    1 110.69 
odo:  -13  -69   -1    1  -19    2 108.41 
odo:  -13  -45   -3    1  -11    1 105.10 
odo:  -11  -25   -5   11   -5    4 104.66 
Time: 2017-08-07 22:07:24
odo:   26  -13    3  -26    0   -6 102.64 
odo:   25   -3    3  -24   -5   -6 102.70 
odo:   25    0    5  -24    0  -10 103.16 
odo:   25    1    7  -24    0  -12 103.31 
odo:   25    4    9  -24   -1  -14 103.54 
odo:   25    4   11  -24   -6  -14 103.69 
odo:   45    5   18  -44   -9  -21 105.19 
odo:   43   11   19  -42  -16  -22 106.11 
odo:   43   20   20  -42  -22  -22 109.33 
odo:   17   25   13  -18  -26  -16 112.59 
Time: 2017-08-07 22:07:25
odo:  -11   22    5  -23  -28  -16 114.27 
odo:  -50   11   -5  -59  -30  -26 117.92 
odo: -140    2  -34 -166  -39  -57 119.65 
odo:   17  -34    8  -18  -75  -15 123.13 
odo:   19  -18    8  -19  -80   -9 121.75 
odo:   19    0    6  -19  -63   -9 122.66 
odo:   19    3    7  -19  -60   -5 125.45 
odo:   19    2    9  -19  -50   -4 125.81 
odo:   19    5   10  -19  -39   -4 126.88 
odo:  -12    7    1   12  -27    2 128.29 
Time: 2017-08-07 22:07:26
odo:  -23    2   -1   23  -13    5 128.56 
odo:  -35    0   -6   35   -3    9 128.69 
odo:  -35   -1   -9   35    5   10 128.34 
odo:  -35   -2  -12   35    9   12 128.26 
odo:  -35   -7  -14   35   16   12 127.43 
odo:  -35  -12  -15   35   19   13 127.36 
odo:  -35  -17  -16   35   22   14 126.31 
odo:  -35  -22  -16   35   22   15 124.76 
odo:  -25  -23  -14   25   23   13 123.54 
odo:  -22  -20  -14    0   24   13 121.62 
Time: 2017-08-07 22:07:27
odo:  -67  -22  -12  -53   12   -5 121.10 
odo:  -67  -22  -17  -53    0   -8 118.89 
odo:  -67  -26  -20  -53   -3  -12 116.85 
odo:  -60  -34  -19  -48  -12  -12 116.11 
odo:  -56  -42  -18  -44  -17  -13 113.12 
odo:  -54  -48  -17  -43  -16  -16 109.39 
odo:  -52  -52  -16  -41  -20  -17 107.92 
odo:  -52  -55  -15  -41  -27  -17 103.53 
odo:  -52  -54  -15  -44  -28  -19 101.57 
odo:  -52  -56  -14  -48  -31  -20  97.95 
Time: 2017-08-07 22:07:28
odo:  -52  -52  -15  -49  -46  -18  95.27 
odo:  -52  -51  -16  -52  -49  -18  94.96 
odo:  -48  -51  -14  -52  -53  -17  93.82 
odo:  -48  -52  -14  -52  -54  -17  93.15 
odo:  -48  -49  -14  -52  -54  -17  92.92 
odo:  -48  -48  -15  -52  -54  -17  92.20 
odo:  -48  -47  -15  -52  -54  -16  92.48 
odo:  -48  -47  -15  -52  -49  -18  91.04 
odo:  -48  -48  -15  -52  -54  -16  90.02 
odo:  -48  -49  -14  -52  -54  -16  88.68 
Time: 2017-08-07 22:07:29
odo:  -43  -48  -13  -52  -52  -17  85.89 
odo:  -43  -48  -13  -52  -52  -17  84.04 
odo:  -43  -47  -13  -52  -55  -16  78.84 
odo:  -43  -46  -13  -52  -53  -16  72.12 
odo:  -43  -46  -12  -52  -51  -17  68.75 
odo:  -43  -45  -12  -52  -51  -17  61.93 
odo:  -43  -44  -12  -52  -51  -17  58.15 
odo:  -43  -43  -13  -52  -50  -17  52.60 
odo:  -43  -44  -12  -52  -50  -17  48.77 
odo:  -43  -43  -12  -52  -50  -18  47.28 
Time: 2017-08-07 22:07:30
odo:  -43  -43  -12  -52  -51  -17  45.40 
odo:  -43  -42  -13  -52  -51  -18  44.64 
odo:  -43  -42  -13  -52  -50  -18  44.75 
odo:  -43  -42  -13  -52  -51  -18  45.63 
odo:  -43  -42  -13  -52  -50  -18  46.50 
odo:  -43  -42  -13  -52  -50  -18  48.62 
odo:  -43  -42  -13  -52  -50  -19  50.86 
odo:  -43  -43  -13  -52  -51  -18  52.28 
odo:  -43  -42  -13  -52  -46  -20  55.69 
odo:  -43  -41  -14  -52  -47  -20  57.41 
Time: 2017-08-07 22:07:31
odo:  -43  -42  -14  -52  -49  -20  61.63 
odo:  -43  -41  -14  -52  -51  -20  65.96 
odo:  -43  -44  -13  -52  -56  -18  68.25 
odo:  -43  -41  -14  -52  -57  -18  72.95 
odo:  -41  -43  -13  -50  -55  -17  77.13 
odo:   21  -41    3  -21  -54   -9  78.63 
odo:   21  -26    5  -21  -45   -8  79.85 
odo:   21  -13    5  -21  -38   -8  81.37 
odo:   21   -1    5  -21  -28  -10  83.39 
odo:   21    0    7  -21  -19  -11  85.18 
Time: 2017-08-07 22:07:32
odo:   21    0    9  -21  -10  -14  85.46 
odo:   21    0   11  -21  -10  -15  86.03 
odo:   21    2   12  -21  -11  -16  86.31 
odo:   21    0   15  -21  -12  -17  87.23 
odo:   20    2   16  -19  -13  -17  88.43 
odo:   20    6   16  -19  -15  -16  88.25 
odo:   20   10   16  -19  -16  -17  89.89 
odo:   20   13   17  -19  -20  -16  91.54 
